  0.0000000e+000  0.0000000e+000
  1.0000000e-001  4.7187500e+000
  2.0000000e-001  7.5819499e+000
  3.0000000e-001  9.3192560e+000
  4.0000000e-001  1.0373403e+001
  5.0000000e-001  1.1013028e+001
  6.0000000e-001  1.1401134e+001
  7.0000000e-001  1.1636626e+001
  8.0000000e-001  1.1779515e+001
  9.0000000e-001  1.1866216e+001
  1.0000000e+000  1.1918824e+001
  1.1000000e+000  1.1950745e+001
  1.2000000e+000  1.1970113e+001
  1.3000000e+000  1.1981866e+001
  1.4000000e+000  1.1988997e+001
  1.5000000e+000  1.1993323e+001
  1.6000000e+000  1.1995949e+001
  1.7000000e+000  1.1997542e+001
  1.8000000e+000  1.1998508e+001
  1.9000000e+000  1.1999095e+001
  2.0000000e+000  1.1999451e+001
  2.1000000e+000  1.1999667e+001
  2.2000000e+000  1.1999798e+001
  2.3000000e+000  1.1999877e+001
  2.4000000e+000  1.1999926e+001
  2.5000000e+000  1.1999955e+001
  2.6000000e+000  1.1999973e+001
  2.7000000e+000  1.1999983e+001
  2.8000000e+000  1.1999990e+001
  2.9000000e+000  1.1999994e+001
  3.0000000e+000  1.1999996e+001
  3.1000000e+000  1.1999998e+001
  3.2000000e+000  1.1999999e+001
  3.3000000e+000  1.1999999e+001
  3.4000000e+000  1.1999999e+001
  3.5000000e+000  1.2000000e+001
  3.6000000e+000  1.2000000e+001
  3.7000000e+000  1.2000000e+001
  3.8000000e+000  1.2000000e+001
  3.9000000e+000  1.2000000e+001
  4.0000000e+000  1.2000000e+001
  4.1000000e+000  1.2000000e+001
  4.2000000e+000  1.2000000e+001
  4.3000000e+000  1.2000000e+001
  4.4000000e+000  1.2000000e+001
  4.5000000e+000  1.2000000e+001
  4.6000000e+000  1.2000000e+001
  4.7000000e+000  1.2000000e+001
  4.8000000e+000  1.2000000e+001
  4.9000000e+000  1.2000000e+001
  5.0000000e+000  1.1833333e+001
  5.1000000e+000  1.1112413e+001
  5.2000000e+000  1.0674980e+001
  5.3000000e+000  1.0409558e+001
  5.4000000e+000  1.0248508e+001
  5.5000000e+000  1.0150787e+001
  5.6000000e+000  1.0091493e+001
  5.7000000e+000  1.0055516e+001
  5.8000000e+000  1.0033685e+001
  5.9000000e+000  1.0020439e+001
  6.0000000e+000  1.0012402e+001
  6.1000000e+000  1.0007525e+001
  6.2000000e+000  1.0004566e+001
  6.3000000e+000  1.0002771e+001
  6.4000000e+000  1.0001681e+001
  6.5000000e+000  1.0001020e+001
  6.6000000e+000  1.0000619e+001
  6.7000000e+000  1.0000376e+001
  6.8000000e+000  1.0000228e+001
  6.9000000e+000  1.0000138e+001
  7.0000000e+000  1.0000084e+001
  7.1000000e+000  1.0000051e+001
  7.2000000e+000  1.0000031e+001
  7.3000000e+000  1.0000019e+001
  7.4000000e+000  1.0000011e+001
  7.5000000e+000  1.0000007e+001
  7.6000000e+000  1.0000004e+001
  7.7000000e+000  1.0000003e+001
  7.8000000e+000  1.0000002e+001
  7.9000000e+000  1.0000001e+001
  8.0000000e+000  1.0000001e+001
  8.1000000e+000  1.0000000e+001
  8.2000000e+000  1.0000000e+001
  8.3000000e+000  1.0000000e+001
  8.4000000e+000  1.0000000e+001
  8.5000000e+000  1.0000000e+001
  8.6000000e+000  1.0000000e+001
  8.7000000e+000  1.0000000e+001
  8.8000000e+000  1.0000000e+001
  8.9000000e+000  1.0000000e+001
  9.0000000e+000  1.0000000e+001
