  0.0000000e+000  0.0000000e+000
  1.0000000e-001  4.5939375e+000
  2.0000000e-001  8.9444730e+000
  3.0000000e-001  1.2600547e+001
  4.0000000e-001  1.5344580e+001
  5.0000000e-001  1.7142085e+001
  6.0000000e-001  1.8085532e+001
  7.0000000e-001  1.8341210e+001
  8.0000000e-001  1.8104588e+001
  9.0000000e-001  1.7566826e+001
  1.0000000e+000  1.6892854e+001
  1.1000000e+000  1.6209872e+001
  1.2000000e+000  1.5604255e+001
  1.3000000e+000  1.5124462e+001
  1.4000000e+000  1.4787612e+001
  1.5000000e+000  1.4587726e+001
  1.6000000e+000  1.4504070e+001
  1.7000000e+000  1.4508551e+001
  1.8000000e+000  1.4571570e+001
  1.9000000e+000  1.4666138e+001
  2.0000000e+000  1.4770306e+001
  2.1000000e+000  1.4868191e+001
  2.2000000e+000  1.4949908e+001
  2.3000000e+000  1.5010808e+001
  2.4000000e+000  1.5050316e+001
  2.5000000e+000  1.5070657e+001
  2.6000000e+000  1.5075664e+001
  2.7000000e+000  1.5069782e+001
  2.8000000e+000  1.5057316e+001
  2.9000000e+000  1.5041960e+001
  3.0000000e+000  1.5026541e+001
  3.1000000e+000  1.5012963e+001
  3.2000000e+000  1.5002277e+001
  3.3000000e+000  1.4994836e+001
  3.4000000e+000  1.4990478e+001
  3.5000000e+000  1.4988719e+001
  3.6000000e+000  1.4988917e+001
  3.7000000e+000  1.4990404e+001
  3.8000000e+000  1.4992572e+001
  3.9000000e+000  1.4994933e+001
  4.0000000e+000  1.4997134e+001
  4.1000000e+000  1.4998960e+001
  4.2000000e+000  1.5000311e+001
  4.3000000e+000  1.5001179e+001
  4.4000000e+000  1.5001617e+001
  4.5000000e+000  1.5001713e+001
  4.6000000e+000  1.5001568e+001
  4.7000000e+000  1.5001279e+001
  4.8000000e+000  1.5000930e+001
  4.9000000e+000  1.5000582e+001
  5.0000000e+000  1.4833611e+001
  5.1000000e+000  1.4093817e+001
  5.2000000e+000  1.3708525e+001
  5.3000000e+000  1.3607943e+001
  5.4000000e+000  1.3710510e+001
  5.5000000e+000  1.3936743e+001
  5.6000000e+000  1.4218252e+001
  5.7000000e+000  1.4502442e+001
  5.8000000e+000  1.4753722e+001
  5.9000000e+000  1.4952255e+001
  6.0000000e+000  1.5091181e+001
  6.1000000e+000  1.5173181e+001
  6.2000000e+000  1.5207004e+001
  6.3000000e+000  1.5204400e+001
  6.4000000e+000  1.5177693e+001
  6.5000000e+000  1.5138089e+001
  6.6000000e+000  1.5094675e+001
  6.7000000e+000  1.5054009e+001
  6.8000000e+000  1.5020151e+001
  6.9000000e+000  1.4994992e+001
  7.0000000e+000  1.4978737e+001
  7.1000000e+000  1.4970437e+001
  7.2000000e+000  1.4968482e+001
  7.3000000e+000  1.4971021e+001
  7.4000000e+000  1.4976262e+001
  7.5000000e+000  1.4982674e+001
  7.6000000e+000  1.4989089e+001
  7.7000000e+000  1.4994722e+001
  7.8000000e+000  1.4999142e+001
  7.9000000e+000  1.5002211e+001
  8.0000000e+000  1.5003998e+001
  8.1000000e+000  1.5004708e+001
  8.2000000e+000  1.5004609e+001
  8.3000000e+000  1.5003979e+001
  8.4000000e+000  1.5003072e+001
  8.5000000e+000  1.5002088e+001
  8.6000000e+000  1.5001174e+001
  8.7000000e+000  1.5000417e+001
  8.8000000e+000  1.4999859e+001
  8.9000000e+000  1.4999502e+001
  9.0000000e+000  1.4999324e+001
