  0.0000000e+000  0.0000000e+000
  1.0000000e-001  4.2666667e-003
  2.0000000e-001  1.4680650e-002
  3.0000000e-001  2.8742500e-002
  4.0000000e-001  4.4907079e-002
  5.0000000e-001  6.2220393e-002
  6.0000000e-001  8.0094607e-002
  7.0000000e-001  9.8168660e-002
  8.0000000e-001  1.1622192e-001
  9.0000000e-001  1.3412068e-001
  1.0000000e+000  1.5178505e-001
  1.1000000e+000  1.6916838e-001
  1.2000000e+000  1.8624459e-001
  1.3000000e+000  2.0300026e-001
  1.4000000e+000  2.1942978e-001
  1.5000000e+000  2.3553229e-001
  1.6000000e+000  2.5130985e-001
  1.7000000e+000  2.6676627e-001
  1.8000000e+000  2.8190637e-001
  1.9000000e+000  2.9673558e-001
  2.0000000e+000  3.1125961e-001
  2.1000000e+000  3.2548435e-001
  2.2000000e+000  3.3941571e-001
  2.3000000e+000  3.5305959e-001
  2.4000000e+000  3.6642182e-001
  2.5000000e+000  3.7950816e-001
  2.6000000e+000  3.9232427e-001
  2.7000000e+000  4.0487569e-001
  2.8000000e+000  4.1716790e-001
  2.9000000e+000  4.2920622e-001
  3.0000000e+000  4.4099591e-001
  3.1000000e+000  4.5254208e-001
  3.2000000e+000  4.6384978e-001
  3.3000000e+000  4.7492391e-001
  3.4000000e+000  4.8576931e-001
  3.5000000e+000  4.9639070e-001
  3.6000000e+000  5.0679271e-001
  3.7000000e+000  5.1697987e-001
  3.8000000e+000  5.2695661e-001
  3.9000000e+000  5.3672728e-001
  4.0000000e+000  5.4629614e-001
  4.1000000e+000  5.5566736e-001
  4.2000000e+000  5.6484501e-001
  4.3000000e+000  5.7383310e-001
  4.4000000e+000  5.8263555e-001
  4.5000000e+000  5.9125618e-001
  4.6000000e+000  5.9969875e-001
  4.7000000e+000  6.0796694e-001
  4.8000000e+000  6.1606435e-001
  4.9000000e+000  6.2399451e-001
  5.0000000e+000  6.3176087e-001
  5.1000000e+000  6.3936682e-001
  5.2000000e+000  6.4681567e-001
  5.3000000e+000  6.5411066e-001
  5.4000000e+000  6.6125498e-001
  5.5000000e+000  6.6825173e-001
  5.6000000e+000  6.7510396e-001
  5.7000000e+000  6.8181466e-001
  5.8000000e+000  6.8838676e-001
  5.9000000e+000  6.9482310e-001
  6.0000000e+000  7.0112651e-001
  6.1000000e+000  7.0729971e-001
  6.2000000e+000  7.1334542e-001
  6.3000000e+000  7.1926624e-001
  6.4000000e+000  7.2506478e-001
  6.5000000e+000  7.3074354e-001
  6.6000000e+000  7.3630501e-001
  6.7000000e+000  7.4175161e-001
  6.8000000e+000  7.4708571e-001
  6.9000000e+000  7.5230963e-001
  7.0000000e+000  7.5742566e-001
  7.1000000e+000  7.6243601e-001
  7.2000000e+000  7.6734288e-001
  7.3000000e+000  7.7214839e-001
  7.4000000e+000  7.7685465e-001
  7.5000000e+000  7.8146370e-001
  7.6000000e+000  7.8597754e-001
  7.7000000e+000  7.9039816e-001
  7.8000000e+000  7.9472747e-001
  7.9000000e+000  7.9896736e-001
  8.0000000e+000  8.0311967e-001
  8.1000000e+000  8.0718622e-001
  8.2000000e+000  8.1116877e-001
  8.3000000e+000  8.1506906e-001
  8.4000000e+000  8.1888880e-001
  8.5000000e+000  8.2262964e-001
  8.6000000e+000  8.2629321e-001
  8.7000000e+000  8.2988111e-001
  8.8000000e+000  8.3339490e-001
  8.9000000e+000  8.3683611e-001
  9.0000000e+000  8.4020625e-001
  9.1000000e+000  8.4350678e-001
  9.2000000e+000  8.4673913e-001
  9.3000000e+000  8.4990472e-001
  9.4000000e+000  8.5300493e-001
  9.5000000e+000  8.5604110e-001
  9.6000000e+000  8.5901456e-001
  9.7000000e+000  8.6192660e-001
  9.8000000e+000  8.6477850e-001
  9.9000000e+000  8.6757148e-001
  1.0000000e+001  8.7030679e-001
  1.0100000e+001  8.7298559e-001
  1.0200000e+001  8.7560906e-001
  1.0300000e+001  8.7817835e-001
  1.0400000e+001  8.8069456e-001
  1.0500000e+001  8.8315881e-001
  1.0600000e+001  8.8557215e-001
  1.0700000e+001  8.8793565e-001
  1.0800000e+001  8.9025033e-001
  1.0900000e+001  8.9251720e-001
  1.1000000e+001  8.9473725e-001
  1.1100000e+001  8.9691144e-001
  1.1200000e+001  8.9904073e-001
  1.1300000e+001  9.0112603e-001
  1.1400000e+001  9.0316827e-001
  1.1500000e+001  9.0516832e-001
  1.1600000e+001  9.0712706e-001
  1.1700000e+001  9.0904534e-001
  1.1800000e+001  9.1092400e-001
  1.1900000e+001  9.1276386e-001
  1.2000000e+001  9.1456572e-001
  1.2100000e+001  9.1633035e-001
  1.2200000e+001  9.1805854e-001
  1.2300000e+001  9.1975104e-001
  1.2400000e+001  9.2140857e-001
  1.2500000e+001  9.2303187e-001
  1.2600000e+001  9.2462164e-001
  1.2700000e+001  9.2617858e-001
  1.2800000e+001  9.2770335e-001
  1.2900000e+001  9.2919663e-001
  1.3000000e+001  9.3065907e-001
  1.3100000e+001  9.3209130e-001
  1.3200000e+001  9.3349395e-001
  1.3300000e+001  9.3486763e-001
  1.3400000e+001  9.3621293e-001
  1.3500000e+001  9.3753045e-001
  1.3600000e+001  9.3882075e-001
  1.3700000e+001  9.4008441e-001
  1.3800000e+001  9.4132196e-001
  1.3900000e+001  9.4253395e-001
  1.4000000e+001  9.4372090e-001
  1.4100000e+001  9.4488334e-001
  1.4200000e+001  9.4602177e-001
  1.4300000e+001  9.4713669e-001
  1.4400000e+001  9.4822858e-001
  1.4500000e+001  9.4929791e-001
  1.4600000e+001  9.5034516e-001
  1.4700000e+001  9.5137078e-001
  1.4800000e+001  9.5237521e-001
  1.4900000e+001  9.5335890e-001
  1.5000000e+001  9.5432226e-001
  1.5100000e+001  9.5526573e-001
  1.5200000e+001  9.5618972e-001
  1.5300000e+001  9.5709461e-001
  1.5400000e+001  9.5798082e-001
  1.5500000e+001  9.5884872e-001
  1.5600000e+001  9.5969870e-001
  1.5700000e+001  9.6053112e-001
  1.5800000e+001  9.6134635e-001
  1.5900000e+001  9.6214473e-001
  1.6000000e+001  9.6292663e-001
  1.6100000e+001  9.6369238e-001
  1.6200000e+001  9.6444231e-001
  1.6300000e+001  9.6517675e-001
  1.6400000e+001  9.6589602e-001
  1.6500000e+001  9.6660044e-001
  1.6600000e+001  9.6729030e-001
  1.6700000e+001  9.6796592e-001
  1.6800000e+001  9.6862758e-001
  1.6900000e+001  9.6927558e-001
  1.7000000e+001  9.6991019e-001
  1.7100000e+001  9.7053169e-001
  1.7200000e+001  9.7114035e-001
  1.7300000e+001  9.7173645e-001
  1.7400000e+001  9.7232023e-001
  1.7500000e+001  9.7289195e-001
  1.7600000e+001  9.7345187e-001
  1.7700000e+001  9.7400022e-001
  1.7800000e+001  9.7453724e-001
  1.7900000e+001  9.7506317e-001
  1.8000000e+001  9.7557824e-001
  1.8100000e+001  9.7608267e-001
  1.8200000e+001  9.7657668e-001
  1.8300000e+001  9.7706049e-001
  1.8400000e+001  9.7753430e-001
  1.8500000e+001  9.7799833e-001
  1.8600000e+001  9.7845277e-001
  1.8700000e+001  9.7889783e-001
  1.8800000e+001  9.7933369e-001
  1.8900000e+001  9.7976055e-001
  1.9000000e+001  9.8017860e-001
  1.9100000e+001  9.8058800e-001
  1.9200000e+001  9.8098896e-001
  1.9300000e+001  9.8138163e-001
  1.9400000e+001  9.8176619e-001
  1.9500000e+001  9.8214281e-001
  1.9600000e+001  9.8251165e-001
  1.9700000e+001  9.8287287e-001
  1.9800000e+001  9.8322663e-001
  1.9900000e+001  9.8357308e-001
  2.0000000e+001  9.8391238e-001
