  0.0000000e+000  0.0000000e+000
  1.0000000e-001  4.9298333e-003
  2.0000000e-001  1.9412543e-002
  3.0000000e-001  4.2931707e-002
  4.0000000e-001  7.4902644e-002
  5.0000000e-001  1.1468082e-001
  6.0000000e-001  1.6157050e-001
  7.0000000e-001  2.1483358e-001
  8.0000000e-001  2.7369848e-001
  9.0000000e-001  3.3736899e-001
  1.0000000e+000  4.0503307e-001
  1.1000000e+000  4.7587139e-001
  1.2000000e+000  5.4906567e-001
  1.3000000e+000  6.2380662e-001
  1.4000000e+000  6.9930157e-001
  1.5000000e+000  7.7478151e-001
  1.6000000e+000  8.4950774e-001
  1.7000000e+000  9.2277791e-001
  1.8000000e+000  9.9393147e-001
  1.9000000e+000  1.0623545e+000
  2.0000000e+000  1.1274839e+000
  2.1000000e+000  1.1888110e+000
  2.2000000e+000  1.2458840e+000
  2.3000000e+000  1.2983109e+000
  2.4000000e+000  1.3457604e+000
  2.5000000e+000  1.3879627e+000
  2.6000000e+000  1.4247105e+000
  2.7000000e+000  1.4558575e+000
  2.8000000e+000  1.4813183e+000
  2.9000000e+000  1.5010666e+000
  3.0000000e+000  1.5151328e+000
  3.1000000e+000  1.5236021e+000
  3.2000000e+000  1.5266108e+000
  3.3000000e+000  1.5243438e+000
  3.4000000e+000  1.5170299e+000
  3.5000000e+000  1.5049388e+000
  3.6000000e+000  1.4883762e+000
  3.7000000e+000  1.4676797e+000
  3.8000000e+000  1.4432139e+000
  3.9000000e+000  1.4153665e+000
  4.0000000e+000  1.3845427e+000
  4.1000000e+000  1.3511611e+000
  4.2000000e+000  1.3156490e+000
  4.3000000e+000  1.2784377e+000
  4.4000000e+000  1.2399583e+000
  4.5000000e+000  1.2006375e+000
  4.6000000e+000  1.1608933e+000
  4.7000000e+000  1.1211316e+000
  4.8000000e+000  1.0817426e+000
  4.9000000e+000  1.0430974e+000
  5.0000000e+000  1.0055454e+000
  5.1000000e+000  9.6941155e-001
  5.2000000e+000  9.3499409e-001
  5.3000000e+000  9.0256285e-001
  5.4000000e+000  8.7235760e-001
  5.5000000e+000  8.4458690e-001
  5.6000000e+000  8.1942729e-001
  5.7000000e+000  7.9702281e-001
  5.8000000e+000  7.7748487e-001
  5.9000000e+000  7.6089244e-001
  6.0000000e+000  7.4729253e-001
  6.1000000e+000  7.3670102e-001
  6.2000000e+000  7.2910368e-001
  6.3000000e+000  7.2445751e-001
  6.4000000e+000  7.2269232e-001
  6.5000000e+000  7.2371242e-001
  6.6000000e+000  7.2739860e-001
  6.7000000e+000  7.3361024e-001
  6.8000000e+000  7.4218746e-001
  6.9000000e+000  7.5295350e-001
  7.0000000e+000  7.6571708e-001
  7.1000000e+000  7.8027488e-001
  7.2000000e+000  7.9641394e-001
  7.3000000e+000  8.1391420e-001
  7.4000000e+000  8.3255088e-001
  7.5000000e+000  8.5209689e-001
  7.6000000e+000  8.7232511e-001
  7.7000000e+000  8.9301069e-001
  7.8000000e+000  9.1393308e-001
  7.9000000e+000  9.3487807e-001
  8.0000000e+000  9.5563963e-001
  8.1000000e+000  9.7602161e-001
  8.2000000e+000  9.9583926e-001
  8.3000000e+000  1.0149206e+000
  8.4000000e+000  1.0331076e+000
  8.5000000e+000  1.0502572e+000
  8.6000000e+000  1.0662422e+000
  8.7000000e+000  1.0809515e+000
  8.8000000e+000  1.0942913e+000
  8.9000000e+000  1.1061844e+000
  9.0000000e+000  1.1165712e+000
  9.1000000e+000  1.1254089e+000
  9.2000000e+000  1.1326718e+000
  9.3000000e+000  1.1383505e+000
  9.4000000e+000  1.1424514e+000
  9.5000000e+000  1.1449964e+000
  9.6000000e+000  1.1460213e+000
  9.7000000e+000  1.1455759e+000
  9.8000000e+000  1.1437221e+000
  9.9000000e+000  1.1405333e+000
  1.0000000e+001  1.1360931e+000
  1.0100000e+001  1.1304940e+000
  1.0200000e+001  1.1238364e+000
  1.0300000e+001  1.1162269e+000
  1.0400000e+001  1.1077774e+000
  1.0500000e+001  1.0986036e+000
  1.0600000e+001  1.0888237e+000
  1.0700000e+001  1.0785573e+000
  1.0800000e+001  1.0679240e+000
  1.0900000e+001  1.0570424e+000
  1.1000000e+001  1.0460288e+000
  1.1100000e+001  1.0349962e+000
  1.1200000e+001  1.0240534e+000
  1.1300000e+001  1.0133041e+000
  1.1400000e+001  1.0028459e+000
  1.1500000e+001  9.9277000e-001
  1.1600000e+001  9.8315996e-001
  1.1700000e+001  9.7409167e-001
  1.1800000e+001  9.6563271e-001
  1.1900000e+001  9.5784205e-001
  1.2000000e+001  9.5076977e-001
  1.2100000e+001  9.4445698e-001
  1.2200000e+001  9.3893573e-001
  1.2300000e+001  9.3422907e-001
  1.2400000e+001  9.3035114e-001
  1.2500000e+001  9.2730745e-001
  1.2600000e+001  9.2509508e-001
  1.2700000e+001  9.2370312e-001
  1.2800000e+001  9.2311302e-001
  1.2900000e+001  9.2329913e-001
  1.3000000e+001  9.2422918e-001
  1.3100000e+001  9.2586490e-001
  1.3200000e+001  9.2816259e-001
  1.3300000e+001  9.3107380e-001
  1.3400000e+001  9.3454596e-001
  1.3500000e+001  9.3852306e-001
  1.3600000e+001  9.4294635e-001
  1.3700000e+001  9.4775501e-001
  1.3800000e+001  9.5288683e-001
  1.3900000e+001  9.5827888e-001
  1.4000000e+001  9.6386814e-001
  1.4100000e+001  9.6959213e-001
  1.4200000e+001  9.7538951e-001
  1.4300000e+001  9.8120063e-001
  1.4400000e+001  9.8696801e-001
  1.4500000e+001  9.9263690e-001
  1.4600000e+001  9.9815562e-001
  1.4700000e+001  1.0034760e+000
  1.4800000e+001  1.0085538e+000
  1.4900000e+001  1.0133486e+000
  1.5000000e+001  1.0178247e+000
  1.5100000e+001  1.0219507e+000
  1.5200000e+001  1.0257000e+000
  1.5300000e+001  1.0290505e+000
  1.5400000e+001  1.0319851e+000
  1.5500000e+001  1.0344913e+000
  1.5600000e+001  1.0365615e+000
  1.5700000e+001  1.0381924e+000
  1.5800000e+001  1.0393852e+000
  1.5900000e+001  1.0401456e+000
  1.6000000e+001  1.0404829e+000
  1.6100000e+001  1.0404105e+000
  1.6200000e+001  1.0399451e+000
  1.6300000e+001  1.0391067e+000
  1.6400000e+001  1.0379182e+000
  1.6500000e+001  1.0364049e+000
  1.6600000e+001  1.0345944e+000
  1.6700000e+001  1.0325160e+000
  1.6800000e+001  1.0302006e+000
  1.6900000e+001  1.0276802e+000
  1.7000000e+001  1.0249876e+000
  1.7100000e+001  1.0221558e+000
  1.7200000e+001  1.0192180e+000
  1.7300000e+001  1.0162071e+000
  1.7400000e+001  1.0131556e+000
  1.7500000e+001  1.0100949e+000
  1.7600000e+001  1.0070553e+000
  1.7700000e+001  1.0040658e+000
  1.7800000e+001  1.0011537e+000
  1.7900000e+001  9.9834453e-001
  1.8000000e+001  9.9566168e-001
  1.8100000e+001  9.9312652e-001
  1.8200000e+001  9.9075808e-001
  1.8300000e+001  9.8857303e-001
  1.8400000e+001  9.8658558e-001
  1.8500000e+001  9.8480745e-001
  1.8600000e+001  9.8324784e-001
  1.8700000e+001  9.8191346e-001
  1.8800000e+001  9.8080855e-001
  1.8900000e+001  9.7993493e-001
  1.9000000e+001  9.7929210e-001
  1.9100000e+001  9.7887730e-001
  1.9200000e+001  9.7868564e-001
  1.9300000e+001  9.7871026e-001
  1.9400000e+001  9.7894244e-001
  1.9500000e+001  9.7937176e-001
  1.9600000e+001  9.7998629e-001
  1.9700000e+001  9.8077275e-001
  1.9800000e+001  9.8171669e-001
  1.9900000e+001  9.8280270e-001
  2.0000000e+001  9.8401456e-001
